"Standsr1","av_OSeeds_Per_Bloom","av_CSeeds_Per_Bloom","av_nestedness_actual","av_nestedness_null"
"604_Mix1",45.2831919035865,33.8073542337162,56.6395,0.651347030185967
"604_Mix2",1.63648351648352,2.49005439005439,55.656,0.803332201929849
"604_Mix3",39.3236620321818,31.1446875555702,54.6945,0.879585826075883
"604_Mix4",72.441130056453,61.1127504026119,54.6945,0.879585826075883
"604_Mix5",32.1561370002546,31.3461386230406,50,1.51430564772769
"604_Mix6",4.75,9,52.174,0.757014315008839
"605_Mix1",9.85714285714286,14.7614285714286,34.4275,0.30128831724551
"605_Mix3",31.9150027256665,32.7777777777778,37.3375,0.364119892195081
"605_Mix4",87,70,19.355,0.251763526113945
"605_Mix5",32.0921768707483,31.2571428571429,33.333,0.164631869297423
"605_Mix6",213,121,16.6665,0.146953884067238
"607_Mix1",59.8289703389936,43.3613175241531,0,0.600732019870616
"607_Mix2",1.56622807017544,1.94561403508772,0,0.443130763126092
"607_Mix3",37.5912962962963,12.4626984126984,0,0.594010836064943
"607_Mix4",55.4807090406403,50.4060415402845,0,0.746275669685617
"607_Mix5",19.5326479076479,17.7761904761905,0,1.0485003991636
"607_Mix6",46.992,19.108,0,0.537600596461674
"611_Mix1",55.3217767743183,61.2580761623789,33.589,1.15434096280204
"611_Mix2",2.93666666666667,2.36111111111111,50.641,1.02165768701778
"611_Mix3",62.8360990195708,55.9561690692604,31.567,1.11866744873154
"611_Mix4",89.7314215330425,87.3483450937474,51.305,0.274676678211921
"611_Mix5",12.7386249371543,11.6327871148459,50.641,0.557341085619724
"611_Mix6",47,27.6666666666667,51.577,0.737549235503964
"700_Mix1",4,21.6,0,0.208950779067734
"700_Mix2",11.0171453197859,15.120279492444,0,0.39400161503206
"700_Mix3",6.69090909090909,1.76181818181818,0,0.24893389976638
"700_Mix4",10.654932450057,16.2229980821192,0,0.0618939791507743
"700_Mix5",0.813,1.757,0,0.35872273500108
"700_Mix6",21.6525221944539,15.2890681092597,0,0.29729160319351
"702_Mix1",108.15,16.3,0,0.60602214192608
"702_Mix2",8.88944296870033,13.0372031057377,0,0.764184321051505
"702_Mix3",16.5385714285714,14.4928571428571,0,0.437664787331333
"702_Mix4",13.8888888888889,18.6666666666667,0,0.437664787331333
"702_Mix5",0.99,3.26428571428571,0,0.949907221262616
"702_Mix6",27.9020867369765,9.45028693089536,0,1.11255716908736
"704_Mix1",0,3.25,0,0.0215293520044812
"704_Mix2",4.76470329482812,8.96120071935614,0,0.05082768221316
"704_Mix3",12.0064705882353,0.820588235294118,0,0.0398707787970229
"704_Mix4",8.37867800127274,14.3750895288151,0,0.0166862575191913
"704_Mix5",0.47875,1.005,0,0.0642354777934038
"704_Mix6",12.2270984118763,6.68324284178432,0,0.0730670409924376
"705_Mix1",48,0,40.5085,0.366598339593615
"705_Mix2",3.58814814814814,5.26407407407408,27.3506666666667,0.657259909075002
"705_Mix3",7.1075,1.93416666666667,21.739,1.048928536609
"705_Mix4",6.5,8,42.857,0.37948617750252
"705_Mix5",1.61222222222222,1.69777777777778,40.751,0.812261062385208
"705_Mix6",7.91756103802009,11.3889569894581,20.513,0.518986580167008
